2
3bcl00 1ksaA0 
358
  1   0     1   0   0  0   0   0  0  0   0    0    0
  2    1    3   3   V  0   9   T  0  0   0    0    9
  3    2    3   4   S  E  10   T  0  0   0    1    9
  4    3    3   5   A  E  11   A  E  E   0    2    9
  5    4    3   6   B  E  12   H  E  E   0    2    9
  6    5    3   7   S  E  13   S  E  E   0    2    9
  7    6    3   8   A  E  14   D  E  E   0    2    9
  8    7    3   9   Y  E  15   Y  E  E   0    2    9
  9    8    3  10   K  E  16   E  E  E   0    2    9
 10    9    3  11   I  E  17   I  E  E   0    2    9
 11   10    3  12   I  E  18   V  E  E   0    2    9
 12   11    3  13   L  E  19   L  E  E   0    2    9
 13   12    3  14   Z  0  20   E  0  0   0    0    9
 14   13    3  15   G  0  21   G  0  0   0    0    9
 15   14    3  16   G  0  22   G  0  0   0    0    9
 16   15    3  17   A  0  23   S  0  0   0    0    9
 17   16    3  18   S  0  24   S  0  0   0    0    9
 18   17    3  19   S  0  25   S  0  0   0    0    9
 19   18    3  20   W  0  26   W  0  0   0    0    9
 20   19    3  21   G  E  27   G  E  E   0    2    9
 21   20    3  22   Z  E  28   K  E  E   0    2    9
 22   21    3  23   V  E  29   V  E  E   0    2    9
 23   22    3  24   A  E  30   K  E  E   0    2    9
 24   23    3  25   G  E  31   A  E  E   0    2   10
 25   24    3  26   A  E  32   R  E  E   0    2    9
 26   25    3  27   A  E  33   A  E  E   0    2    9
 27   26    3  28   S  E  34   K  0  0   0    1    9
 28   27    3  29   V  E  35   V  0  0   0    1    9
 29   28    3  30   S  0  36   N  0  0   0    0    9
 30   29    3  31   V  0  37   A  0  0   0    0    9
 31   30    3  32   P  0  38   P  0  0   0    0    9
 32   31    3  33   A  0  39   P  0  0   0    0    9
 33   32    3  34   S  0  40   A  0  0   0    0    9
 34   33    3  35   I  0  41   S  0  0   0    0    9
 35   34    3  36   P  0  42   P  0  0   0    0    9
 36   35    3  37   L  0  43   L  0  0   0    0    9
 37   36    3  38   B  0  44   L  0  0   0    0    9
 38   37    3  39   P  0  45   P  0  0   0    0    9
 39   38    3  40   T  E  46   A  E  E   0    2    9
 40   39    3  41   B  E  47   D  E  E   0    2    9
 41   40    3  42   C  E  48   C  E  E   0    2    9
 42   41    3  43   S  E  49   D  E  E   0    2    9
 43   42    3  44   I  E  50   V  0  0   0    1    9
 44   43    3  45   K  E  51   K  E  E   0    2    9
 45   44    3  46   I  E  52   L  E  E   0    2    9
 46   45    3  47   B  E  53   N  E  E   0    2    9
 47   46    3  48   A  E  54   V  E  E   0    2    9
 48   47    3  49   S  E  55   K  E  E   0    2    9
 49   48    3  50   P  E  56   P  0  0   0    1    9
 50   49    3  51   S  0  57   L  0  0   0    0    9
 51   0     2    0  0  0  58   D  0  0   0    0    0
 52   0     1    0  0  0  59   P  0  0   0    0    0
 53   0     1    0  0  0  60   A  0  0   0    0    0
 54   0     1    0  0  0  61   K  0  0   0    0    0
 55   0     2    0  0  0  62   G  0  0   0    0    0
 56   50    3  57   T  0  63   F  0  0   0    0    9
 57   51    3  58   V  E  64   V  0  0   0    1    9
 58   52    3  59   K  E  65   R  E  E   0    2    9
 59   53    3  60   F  E  66   I  E  E   0    2    9
 60   54    3  61   T  E  67   S  E  E   0    2    9
 61   55    3  62   V  E  68   A  E  E   0    2    9
 62   56    3  63   A  E  69   V  0  0   0    1    9
 63   57    3  64   I  E  70   F  0  0   0    1    9
 64   58    3  65   A  E  71   E  E  E   0    2    9
 65   59    3  66   S  E  72   S  E  E   0    2    9
 66   60    3  67   T  E  73   I  E  E   0    2    9
 67   61    3  68   I  E  74   V  E  E   0    2    9
 68   62    3  69   B  0  75   D  0  0   0    0    9
 69   63    3  70   A  0  76   S  0  0   0    0    9
 70   64    3  71   T  E  77   T  E  E   0    2    9
 71   65    3  72   A  E  78   K  E  E   0    2    9
 72   66    3  73   B  E  79   N  0  0   0    1    9
 73   67    3  74   T  E  80   K  0  0   0    1    9
 74   68    3  75   L  E  81   L  E  E   0    2    9
 75   69    3  76   S  E  82   T  E  E   0    2    9
 76   70    3  77   V  E  83   I  E  E   0    2    9
 77   71    3  78   A  E  84   E  E  E   0    2    9
 78   72    3  79   T  E  85   A  E  E   0    2    9
 79   73    3  80   S  E  86   D  E  E   0    2    9
 80   74    3  81   I  E  87   I  0  0   0    1    9
 81   75    3  82   A  E  88   A  0  0   0    1    9
 82   76    3  84   B  E  89   N  E  E   0    2    9
 83   77    3  85   S  0  90   E  E  0   0    1    9
 84   78    3  86   A  0  91   T  E  0   0    1    9
 85   79    3  87   A  0  92   K  0  0   0    0    9
 86   80    3  88   S  0  93   E  0  0   0    0    9
 87   81    3  89   K  E  94   R  E  E   0    2    9
 88   82    3  90   R  E  95   R  E  E   0    2    9
 89   83    3  91   I  E  96   I  0  0   0    1    9
 90   84    3  92   A  E  97   S  0  0   0    1    9
 91   85    3  93   T  E  98   V  0  0   0    1    9
 92   86    3  94   G  E  99   G  E  E   0    2    9
 93   87    3  95   A  E 100   E  E  E   0    2    9
 94   88    3  96   G  E 101   G  E  E   0    2    9
 95   89    3  97   S  E 102   M  E  E   0    2    9
 96   90    3  98   V  E 103   V  E  E   0    2    9
 97   91    3  99   A  E 104   S  E  E   0    2    9
 98   92    3 100   V  E 105   V  E  E   0    2    9
 99   93    3 101   G  0 106   G  0  0   0    0    9
100   94    3 102   S  0 107   D  0  0   0    0    9
101   95    3 103   F  E 108   F  E  E   0    2    9
102   96    3 104   A  E 109   S  E  E   0    2    9
103   97    3 105   H  E 110   H  0  0   0    1    9
104   98    3 106   A  E 111   T  0  0   0    1    9
105   99    3 107   F  E 112   F  E  E   0    2    9
106  100    3 108   S  E 113   S  E  E   0    2    9
107  101    3 109   F  E 114   F  E  E   0    2    9
108  102    3 110   M  E 115   E  E  E   0    2    9
109  103    3 111   G  E 116   G  E  E   0    2    9
110  104    3 112   S  E 117   S  E  E   0    2    9
111  105    3 113   T  E 118   V  E  E   0    2    9
112  106    3 114   T  E 119   V  E  E   0    2    9
113  107    3 115   B  E 120   N  E  E   0    2    9
114  108    3 116   M  E 121   L  E  E   0    2    9
115  109    3 117   Y  E 122   F  E  E   0    2    9
116  110    3 118   Y  0 123   Y  0  0   0    0    9
117  111    3 119   S  0 124   Y  0  0   0    0    9
118  112    3 120   G  0 125   R  0  0   0    0    9
119  113    3 121   S  0 126   S  0  0   0    0    9
120  114    3 122   S  H 127   D  0  0   1    0    9
121  115    3 123   A  H 128   A  0  0   1    0    9
122  116    3 124   T  H 129   V  H  H   2    0    9
123  117    3 125   A  H 130   R  H  H   2    0    9
124  118    3 126   R  H 131   R  H  H   2    0    9
125  119    3 127   B  H 132   N  H  H   2    0    9
126  120    3 128   I  0 133   V  0  0   0    0    9
127  121    3 129   P  0 134   P  0  0   0    0    9
128  122    3 130   B  0 135   N  0  0   0    0    9
129  123    3 131   P  0 136   P  0  0   0    0    9
130  124    3 132   I  0 137   I  0  0   0    0    9
131  125    3 133   Y  0 138   Y  0  0   0    0    9
132  126    3 134   M  0 139   M  0  0   0    0    9
133  127    3 135   Z  0 140   Q  0  0   0    0    9
134  128    3 136   G  E 141   G  E  E   0    2    9
135  129    3 137   R  E 142   R  E  E   0    2    9
136  130    3 138   Z  E 143   Q  E  E   0    2    9
137  131    3 139   F  E 144   F  E  E   0    2    9
138  132    3 140   H  E 145   H  E  E   0    2    9
139  133    3 141   B  E 146   D  E  E   0    2    9
140  134    3 142   I  E 147   I  E  E   0    2    9
141  135    3 143   B  E 148   L  E  E   0    2    9
142  136    3 144   M  E 149   M  E  E   0    2    9
143  137    3 145   K  E 150   K  E  E   0    2    9
144  138    3 146   V  E 151   V  E  E   0    2    9
145  139    3 147   P  E 152   P  E  E   0    2    9
146  140    3 148   L  0 153   L  0  0   0    0    9
147  141    3 149   B  0 154   D  0  0   0    0    9
148  142    3 150   B  0 155   N  0  0   0    0    9
149  143    3 151   G  H 156   N  H  H   2    0    9
150  144    3 152   B  H 157   D  H  H   2    0    9
151  145    3 153   L  H 158   L  H  H   2    0    9
152  146    3 154   T  H 159   I  H  H   2    0    9
153  147    3 155   S  H 160   D  H  H   2    0    9
154  148    3 156   T  H 161   T  H  H   2    0    9
155  149    3 157   W  H 162   W  H  H   2    0    9
156  150    3 158   K  H 163   E  H  H   2    0    9
157  151    3 159   G  H 164   G  H  H   2    0    9
158  152    3 160   F  H 165   T  H  H   2    0    9
159  153    3 161   S  H 166   V  H  H   2    0    9
160  154    3 162   A  H 167   K  H  H   2    0    9
161  155    3 163   A  H 168   A  0  0   1    0    9
162  156    3 164   S  0 169   I  0  0   0    0    9
163   0     1    0  0  0 170   G  0  0   0    0    0
164   0     1    0  0  0 171   S  0  0   0    0    0
165   0     2    0  0  0 172   T  0  0   0    0    0
166   0     2    0  0  0 173   G  0  0   0    0    0
167  157    3 169   B  0 174   A  G  0   0    0    9
168  158    3 170   F  H 175   F  G  0   1    0    9
169  159    3 171   G  H 176   N  G  0   1    0    9
170  160    3 172   B  H 177   D  0  0   1    0    9
171  161    3 173   W  H 178   W  0  0   1    0    9
172  162    3 174   I  H 179   I  0  0   1    0    9
173  163    3 175   R  H 180   R  H  H   2    0    9
174  164    3 176   B  H 181   D  H  H   2    0    9
175  165    3 177   F  H 182   F  H  H   2    0    9
176  166    3 178   W  H 183   W  H  H   2    0    9
177  167    3 179   F  0 184   F  0  0   0    0    9
178  168    3 180   I  0 185   I  0  0   0    0    9
179  169    3 181   G  0 186   G  0  0   0    0    9
180  170    3 182   P  0 187   P  0  0   0    0    9
181  171    3 183   A  H 188   A  H  H   2    0    9
182  172    3 184   F  H 189   F  H  H   2    0    9
183  173    3 185   A  H 190   T  H  H   2    0    9
184  174    3 186   A  H 191   A  H  H   2    0    9
185  175    3 187   I  H 192   L  H  H   2    0    9
186  176    3 188   B  H 193   N  H  H   2    0    9
187  177    3 189   Z  H 194   E  H  H   2    0    9
188  178    3 190   G  0 195   G  0  0   0    0    9
189  179    3 191   G  0 196   G  0  0   0    0    9
190  180    3 192   Z  E 197   Q  0  0   0    1    9
191  181    3 193   R  E 198   R  0  0   0    1    9
192  182    3 194   I  E 199   I  0  0   0    1    9
193  183    3 195   S  0 200   S  0  0   0    0    9
194  184    3 196   P  0 201   R  0  0   0    0    9
195  185    3 197   V  0 202   I  0  0   0    0    9
196  186    3 198   T  E 203   E  0  0   0    1    9
197  187    3 199   T  E 204   V  E  E   0    2    9
198  188    3 200   B  E 205   N  E  E   0    2    9
199  189    3 201   S  E 206   G  E  E   0    2    9
200  190    3 202   A  E 207   L  E  E   0    2    9
201  191    3 203   S  E 208   N  E  E   0    2    9
202  192    3 204   T  E 209   T  E  E   0    2    9
203  193    3 205   Z  0 210   E  E  0   0    1    9
204  194    3 208   G  0 211   S  0  0   0    0    9
205   0     1    0  0  0 212   G  0  0   0    0    0
206   0     1    0  0  0 213   P  0  0   0    0    0
207   0     1    0  0  0 214   K  0  0   0    0    0
208   0     2    0  0  0 215   G  0  0   0    0    0
209  195    3 209   P  0 216   P  0  0   0    0    9
210  196    3 210   B  E 217   V  E  E   0    2    9
211  197    3 211   G  E 218   G  E  E   0    2    9
212  198    3 212   T  E 219   V  E  E   0    2    9
213  199    3 213   T  E 220   S  E  E   0    2    9
214  200    3 214   R  E 221   R  E  E   0    2    9
215  201    3 215   W  E 222   W  E  E   0    2    9
216  202    3 216   S  E 223   R  0  0   0    1    9
217  203    3 217   F  E 224   F  E  E   0    2    9
218  204    3 218   S  E 225   S  E  E   0    2    9
219  205    3 219   H  E 226   H  E  E   0    2    9
220  206    3 220   A  E 227   G  E  E   0    2    9
221  207    3 221   G  E 228   G  E  E   0    2    9
222  208    3 222   S  0 229   S  0  0   0    0    9
223  209    3 223   G  0 230   G  0  0   0    0    9
224  210    3 224   V  0 231   M  0  0   0    0    9
225  211    3 225   V  0 232   V  0  0   0    0    9
226  212    3 226   B  H 233   D  H  H   2    0   10
227  213    3 227   S  H 234   S  H  H   2    0   10
228  214    3 228   I  H 235   I  H  H   2    0    9
229  215    3 229   S  H 236   S  H  H   2    0    9
230  216    3 230   R  0 237   R  0  0   0    0   10
231  217    3 231   W  0 238   W  0  0   0    0    9
232  218    3 232   T  0 239   A  G  0   0    0    9
233  219    3 233   Z  0 240   E  G  0   0    0   10
234  220    3 234   L  0 241   L  G  0   0    0   10
235  221    3 235   F  0 242   F  0  0   0    0    9
236  222    3 236   P  0 243   P  0  0   0    0    9
237  223    3 237   T  G 244   S  0  0   0    0    9
238  224    3 238   A  G 245   D  0  0   0    0    9
239  225    3 239   K  G 246   K  0  0   0    0    9
240  226    3 240   L  0 247   L  0  0   0    0    9
241  227    3 241   S  0 248   N  0  0   0    0    9
242  228    3 242   K  0 249   R  0  0   0    0    9
243  229    3 243   P  0 250   P  0  0   0    0    9
244  230    3 244   A  E 251   A  E  E   0    2    9
245  231    3 245   A  E 252   Q  E  E   0    2    9
246  232    3 246   I  E 253   V  E  E   0    2    9
247  233    3 247   Z  E 254   E  E  E   0    2    9
248  234    3 248   G  E 255   A  E  E   0    2    9
249  235    3 249   G  E 256   G  E  E   0    2    9
250  236    3 250   F  E 257   F  E  E   0    2    9
251  237    3 251   S  E 258   R  E  E   0    2    9
252  238    3 252   S  E 259   S  E  E   0    2    9
253  239    3 253   B  0 260   D  E  0   0    1    9
254  240    3 254   S  0 261   S  0  0   0    0    9
255  241    3 255   A  0 262   Q  0  0   0    0    9
256  242    3 256   G  0 263   G  E  0   0    1    9
257  243    3 257   I  E 264   I  E  E   0    2    9
258  244    3 258   S  E 265   E  0  0   0    1    9
259  245    3 259   V  E 266   V  E  E   0    2    9
260  246    3 260   A  E 267   K  E  E   0    2    9
261  247    3 261   V  E 268   V  E  E   0    2   10
262  248    3 262   A  E 269   D  E  E   0    2    9
263  249    3 263   G  E 270   G  0  0   0    1    9
264  250    3 264   S  E 271   E  0  0   0    1    9
265  251    3 265   L  E 272   F  0  0   0    1   10
266  252    3 266   P  0 273   P  0  0   0    0    9
267  253    3 267   G  0 274   G  0  0   0    0   10
268  254    3 268   V  0 275   V  0  0   0    0   10
269  255    3 269   S  E 276   S  0  0   0    1    9
270  256    3 270   K  E 277   V  0  0   0    1    9
271  257    3 271   S  E 278   D  0  0   0    1    9
272  258    3 272   A  E 279   A  0  0   0    1    9
273  259    3 273   G  E 280   G  0  0   0    1    9
274  260    3 274   G  0 281   G  0  0   0    0    9
275  261    3 275   G  0 282   G  0  0   0    0    9
276  262    3 276   B  E 283   L  0  0   0    1    9
277  263    3 277   K  E 284   R  0  0   0    1    9
278  264    3 278   K  E 285   R  0  0   0    1    9
279  265    3 279   I  E 286   I  0  0   0    1   10
280  266    3 280   L  0 287   L  0  0   0    0   10
281  267    3 281   B  0 288   N  0  0   0    0    9
282  268    3 282   H  0 289   H  0  0   0    0    9
283  269    3 283   P  0 290   P  0  0   0    0   10
284  270    3 284   B  H 291   L  H  H   2    0    9
285  271    3 285   I  H 292   I  H  H   2    0   10
286  272    3 286   P  H 293   P  H  H   2    0   10
287  273    3 287   L  H 294   L  H  H   2    0    9
288  274    3 288   T  H 295   V  H  H   2    0    9
289  275    3 289   H  H 296   H  H  H   2    0    9
290  276    3 290   H  H 297   H  H  H   2    0    9
291  277    3 291   G  0 298   G  0  0   0    0    9
292  278    3 292   M  0 299   M  0  0   0    0    9
293  279    3 293   T  0 300   V  0  0   0    0    9
294  280    3 294   G  0 301   G  0  0   0    0    9
295  281    3 295   K  0 302   K  0  0   0    0    9
296  282    3 296   F  0 303   F  0  0   0    0    9
297  283    3 297   B  0 304   N  0  0   0    0    9
298  284    3 298   S  0 305   N  0  0   0    0    9
299  285    3 299   F  0 306   F  0  0   0    0    9
300  286    3 300   S  E 307   N  0  0   0    1    9
301  287    3 301   S  E 308   V  E  E   0    2    9
302  288    3 302   B  E 309   D  E  E   0    2    9
303  289    3 303   T  E 310   A  0  0   0    1    9
304  290    3 304   A  E 311   Q  E  E   0    2    9
305  291    3 305   B  E 312   L  E  E   0    2    9
306  292    3 306   K  E 313   K  E  E   0    2    9
307  293    3 307   I  E 314   V  E  E   0    2    9
308  294    3 308   T  E 315   V  0  0   0    1    9
309  295    3 309   L  0 316   L  0  0   0    0    9
310  296    3 310   P  0 317   P  0  0   0    0    9
311  297    3 311   K  0 318   K  0  0   0    0    9
312  298    3 312   G  0 319   G  0  0   0    0    9
313  299    3 313   Y  0 320   Y  0  0   0    0    9
314  300    3 314   A  E 321   K  E  E   0    2    9
315  301    3 315   I  E 322   I  E  E   0    2    9
316  302    3 316   S  E 323   R  E  E   0    2    9
317  303    3 317   Y  E 324   Y  E  E   0    2    9
318  304    3 318   A  E 325   A  E  E   0    2    9
319  305    3 319   A  E 326   A  0  0   0    1    9
320  306    3 320   P  0 327   P  0  0   0    0    9
321  307    3 321   A  0 328   Q  0  0   0    0    9
322  308    3 322   H  0 329   Y  0  0   0    0    9
323  309    3 323   S  0 330   R  0  0   0    0    9
324  310    3 324   S  E 331   S  0  0   0    1    9
325  311    3 325   K  E 332   Q  0  0   0    1    9
326  312    3 326   B  E 333   N  0  0   0    1    9
327  313    3 327   B  0 334   L  0  0   0    0    9
328  314    3 328   Z  0 335   E  0  0   0    0    9
329  315    3 329   A  E 336   E  0  0   0    1    9
330  316    3 330   Y  E 337   Y  E  E   0    2    9
331  317    3 331   K  E 338   R  E  E   0    2    9
332  318    3 332   W  E 339   W  E  E   0    2    9
333  319    3 333   A  E 340   S  E  E   0    2    9
334  320    3 334   G  0 341   G  0  0   0    0    9
335  321    3 335   G  H 342   G  0  0   1    0    9
336  322    3 336   A  H 343   A  0  0   1    0    9
337  323    3 337   Y  H 344   Y  0  0   1    0    9
338  324    3 338   A  H 345   A  H  H   2    0    9
339  325    3 339   R  H 346   R  H  H   2    0    9
340  326    3 340   W  H 347   W  H  H   2    0    9
341  327    3 341   V  H 348   V  H  H   2    0    9
342  328    3 342   Z  H 349   E  H  H   2    0    9
343  329    3 343   H  H 350   H  H  H   2    0    9
344  330    3 344   V  H 351   V  H  H   2    0    9
345  331    3 345   C  H 352   C  0  0   1    0    9
346  332    3 346   K  0 353   K  0  0   0    0    9
347  333    3 347   G  0 354   G  0  0   0    0    9
348  334    3 348   G  0 355   G  0  0   0    0    9
349  335    3 349   T  0 356   V  0  0   0    0    9
350  336    3 350   G  0 357   G  0  0   0    0    9
351  337    3 351   Z  0 358   Q  0  0   0    0    9
352  338    3 352   H  0 359   F  0  0   0    0    9
353  339    3 353   Z  E 360   E  0  0   0    1    9
354  340    3 354   T  E 361   I  E  E   0    2    9
355  341    3 355   L  E 362   L  E  E   0    2    9
356   0     1    0  0  0 363   Y  E  0   0    0    0
357   0     1    0  0  0 364   A  E  0   0    0    0
358   0     1    0  0  0 365   Q  0  0   0    0    0










